0384842 5.4 7.3 5.3 6
0639634 9.5 8.7 7.5 8.6
0679959 6.7 5.6 3.4 5.2
0742705 4.7 5.1 2.7 4.2
0743199 6.2 5.2 tbd
0746176 9.9 8.9 8.7 9.2
0748947 8.3 6.6 8.8 7.9
0759001 6.1 6.1 5 5.7
0768806 9.5 9.3 9.9 9.6
0770564 2.1 x x x
0771400 6.7 6.1 3.5 5.4
0778486 8.3 6.6 8.8 7.9
0786656 9.5 8.7 7.5 8.6
0795163 6.6 8.2 8.4 7.7
0807486 8.7 7.6 9.8 8.7
0807929 4.7 5.1 2.7 4.2
0809845 8.7 7.6 9.8 8.7
0811406 9.9 8.9 8.7 9.2
0812001 8.3 6.6 8.8 7.9
0812356 8 7.4 6.1 7.2
0812587 6.6 8.2 8.4 7.7
0813076 9.4 8.6 9.7 9.2
0814249 7.8 4.8 7 6.5
0814561 7.4 6.6 x x
0814804 7.8 7.5 9.7 8.3
0816244 6.8 3.5 5 5.1
0816699 4.3 3.8 1.6 3.2
0816718 7.8 4.8 7 6.5
0817020 8 7.4 6.1 7.2
0817988 7.4 6.6 x x
0820694 7.7 5.8 8.4 7.3
0828234 8.7 7.6 9.8 8.7
0829923 6.7 x x x
0838617 9.5 8.7 7.5 8.6
0841779 8 5.9 5.5 6.5
0842020 7.8 7.5 9.7 8.3
0844262 8 5.9 5.5 6.5
0844437 7.3 7.6 5.2 6.7
0844786 6.8 7.8 7.7 7.5
0845644 7.9 4.1 6.8 6.3
0848018 8.3 8.6 4 7
0849289 9.6 8.1 9.5 9.1
0849740 9.2 7.3 7.5 8
0850266 9.6 8.1 9.5 9.1
0850376 6.8 7.8 7.7 7.5
0852572 9.2 7.3 7.5 8
0852686 6.2 5.2 tbd
0854103 4.3 3.8 1.6 3.2
0854187 9.2 7.3 7.5 8
0855590 7.7 5.8 8.4 7.3
0855849 6.7 6.1 3.5 5.4
0856180 7.7 5.8 8.4 7.3
0856823 7.4 6.6 x x
0857362 9.6 8.1 9.5 9.1
0858115 8.1 6.8 8.5 7.8
0860874 6.8 3.5 5 5.1
0862841 9.4 8.6 9.7 9.2
0864027 6.8 3.5 5 5.1
0864887 8.3 8.6 4 7
0864991 7.3 5.8 8.5 7.2
0865165 7.8 7.5 9.7 8.3
0867048 7.3 7.6 5.2 6.7
0870280 7.3 7.6 5.2 6.7
0876359 6.6 4.5 4.4 5.2
0877760 2.7 6.7 7.4 5.6
0878191 6.8 7.8 7.7 7.5
0885497 9.5 9.3 9.9 9.6
0888168 9.5 9.3 9.9 9.6
0890417 7.9 5.4 7.8 7
0892914 7.9 5.4 7.8 7
0893184 7.6 7.8 8.8 8.1
0896270 8 7.4 6.1 7.2
0898187 7.9 4.1 6.8 6.3
0898805 7.9 4.1 6.8 6.3
0904728 8.4 8.3 9.5 8.7
0906469 8.3 8.6 4 7
0907302 8.4 8.3 9.5 8.7
0910663 8.4 8.3 9.5 8.7
0916836 7.9 5.4 7.8 7
0920824 6.7 7.4 8.3 7.6
0924221 9.8 8.3 9.6 9.2
0924595 9.8 8.3 9.6 9.2
0929674 7.6 7.8 8.8 8.1
0929681 6.6 4.5 4.4 5.2
0929699 6.6 4.5 4.4 5.2
0942976 2.7 6.7 7.4 5.6
0948602 5.8 4.6 x x
0948814 7.8 6.3 8.7 7.6
0954673 9.9 8.9 8.7 9.2
0971602 7.4 6.3 6.8 6.8
0974952 7.4 6.3 6.8 6.8
0977787 7.3 5.8 8.5 7.2
0987726 9.1 9.7 9.3 9.4
0992366 7.1 8.3 6 7.1
0996888 9.1 9.7 9.3 9.4
0997773 4.3 1.6 0.2 2
0998032 9.4 8.6 9.7 9.2
1006033 5.3 7.2 6.7 6.4
1009059 7.4 6.3 6.8 6.8
1016453 6.7 5.6 3.4 5.2
1018850 6.3 6.2 2.3 4.9
1023811 6.7 5.8 9.3 7.3
1026595 5.3 7.2 6.7 6.4
1027225 6.1 6.1 5 5.7
1027766 6.3 6.2 2.3 4.9
1030194 5.3 7.2 6.7 6.4
1031809 4.3 1.6 0.2 2
1032165 9.1 9.7 9.3 9.4
1032786 7.3 5.8 8.5 7.2
1033690 6.3 6.2 2.3 4.9
1033860 8.1 6.8 8.5 7.8
1034346 7 7.8 8.3 7.7
1034548 7 6.9 8 7.3
1034687 8.9 7 7.6 7.8
1034855 8.9 7 7.6 7.8
1035212 8 7.7 7.7 7.8
1035631 7.6 7.8 8.8 8.1
1035761 8.9 7 7.6 7.8
1035941 7.7 7.7 8.9 8.1
1035955 7 6.9 8 7.3
1151204 5.4 7.3 5.3 6
1177108 8.1 6.8 8.5 7.8
1230146 7.7 7.7 8.9 8.1
1254855 2.3 5.9 6.4 4.9
1268384 5.4 7.3 5.3 6
1272039 6.7 7.4 8.3 7.6
1272497 6.1 6.1 5 5.7
1278517 7.8 6.3 8.7 7.6
1278525 7.7 7.7 8.9 8.1
1279025 7 7.8 8.3 7.7
1279645 6.9 7.7 6.8 7.1
1279904 8 6.8 8.9 7.9
1280066 2.3 5.9 6.4 4.9
1280155 7.3 8.2 7.4 7.6
1280813 6.7 5.8 9.3 7.3
1281518 6.6 7 7.7 7.1
1281674 7.3 8.2 7.4 7.6
1281879 2.1 1.7 x x
1281909 7 7.8 8.3 7.7
1282131 6.9 7.7 6.8 7.1
1282182 6.6 7 7.7 7.1
1282220 8 6.8 8.9 7.9
1282727 7.3 8.2 7.4 7.6
1282824 8.8 8.1 8.1 8.3
1282891 2.7 6.7 7.4 5.6
1283065 6.7 7.4 8.3 7.6
1283693 6.9 7.7 6.8 7.1
1283707 6.6 7 7.7 7.1
1283871 8.8 8.1 8.1 8.3
1283936 2.1 1.7 x x
1284002 2.3 5.9 6.4 4.9
1284517 6.7 5.8 9.3 7.3
1284533 8 7.7 7.7 7.8
1284665 7.8 6.3 8.7 7.6
1284754 7.1 8.3 6 7.1
1284886 8 7.7 7.7 7.8
1284967 8 6.8 8.9 7.9
1286226 6.7 5.6 3.4 5.2
1286552 8.8 8.1 8.1 8.3
1289217 7.1 8.3 6 7.1 